route_id,service_id,trip_id,trip_short_name
1,1,15804,R
1,1,15802,R
2,1,15814,R
3,2,15702,IR
4,1,15808,R
5,1,15829,R
6,3,15851,R
7,4,15842,R
8,1,15865,R
9,1,15872,R
10,1,15818,R
11,1,15864,R
12,2,15854,R
5,1,15825,R
5,1,15821,R
13,1,15831,R
12,2,15858,R
14,5,15815,R
15,6,15862,R
6,2,15857,R
16,1,15809,R
17,7,15828,R
18,1,15832,R
19,1,15803,R
20,1,15827,R
21,1,15816,R
2,1,15810,R
8,1,15867,R
8,1,15871,R
1,1,15800,R
22,8,15863,R
23,1,15877,R
24,1,15826,R
25,2,15843,R
26,9,15813,R
9,1,15868,R
24,1,15820,R
27,1,15870,R
28,1,15891,R
5,1,15819,R
24,1,15822,R
12,10,15852,R
29,11,15812,R
30,12,15860,R
9,1,15866,R
6,2,15853,R
31,1,15893-2,R
32,2,15703,IR
12,2,15856,R
7,2,15840,R
33,13,15849,R
8,7,15875,R
34,14,15850,R
35,15,15817,R
36,1,15830,R
37,2,15701,IR
6,2,15855,R
19,1,15801,R
38,1,15876,R
1,1,15806,R
19,1,15805,R
39,2,15844,R
40,12,15861,R
19,1,15807,R
8,1,15873,R
5,1,15823,R
35,1,15811,R
24,1,15824,R
41,2,15841,R
9,7,15874,R
42,2,15704,IR
13,1,15833,R
43,1,14712,R
44,1,14713,R
45,1,14817,R
46,1,14604,R
47,1,14985,R
48,1,18230,R
49,1,14508,R
50,1,14014,R
51,1,14552,R
52,1,14441,R
44,1,14709,R
53,1,14301,R
43,1,14706,R
44,16,18263,R
54,1,14306,R
55,1,14989,R
56,1,14323,R
57,1,14439,R
58,1,14298,R
59,1,14391,R
60,1,14735,R
61,1,18244,R
62,1,14675-2,R
63,1,14846,R
64,1,14759,R
52,1,14451,R
65,1,14015,R
66,1,14972,R
67,1,14505,R
68,1,14501,R
69,1,14609,R
62,1,14671-2,R
70,1,14806,R
54,1,14302,R
71,1,14035,R
72,1,14430,R
73,1,18236,R
74,17,14088,IR
75,1,18232,R
76,18,14813,R
65,1,14019,R
77,1,14327,R
78,1,14437,R
67,1,14513,R
72,1,14428,R
79,1,14600,R
44,1,14701,R
80,1,14971,R
81,1,14322,R
62,1,14677-2,R
82,19,14067-2,IR
45,1,14825,R
83,1,14816,R
84,1,14018,R
85,1,14553,R
86,1,14367-2,R
61,1,14364,R
44,1,14717,R
73,1,14500,R
72,1,14420,R
87,17,14089-2,IR
88,1,14736,R
89,1,14740,R
48,1,14320,R
90,1,14425,R
91,1,14012,R
70,1,14802,R
92,1,14803,R
71,1,14033,R
47,20,14981,R
93,1,14392,R
94,1,14393,R
72,1,14426,R
75,1,14542,R
92,1,14801,R
95,1,14507,R
96,1,14326,R
60,1,14731,R
88,1,14730,R
83,1,14818,R
97,1,14389,R
66,1,14980,R
98,1,14390,R
99,1,14450,R
100,1,14844,R
101,1,14734,R
102,1,14445,R
100,1,14840,R
103,1,14438,R
44,1,14711,R
104,1,14452,R
105,16,18260,R
106,1,14758,R
72,1,14422,R
107,1,14549,R
108,1,14312,R
109,1,14607,R
98,1,14384,R
45,1,14821,R
107,1,18235,R
110,1,14708,R
111,21,14068,IR
70,1,14810,R
112,1,14676,R
67,1,14509,R
43,1,14700,R
53,1,14303,R
113,1,14606,R
57,1,14449,R
114,1,14317,R
54,1,14296,R
115,1,14601,R
70,1,14808,R
116,1,14845,R
75,1,14544,R
70,1,14804,R
112,1,14670,R
61,1,14360,R
96,1,14318,R
117,1,14605,R
116,1,14851,R
70,1,14800,R
118,1,14850,R
90,1,14421,R
64,1,14757,R
119,1,14386,R
107,1,14545,R
53,1,14307,R
120,1,14394,R
121,1,14602,R
92,1,14805,R
122,1,14499,R
123,1,14841,R
124,22,14065,IR
54,1,14300,R
125,1,14295,R
44,1,14703,R
104,1,14440,R
89,1,14738,R
126,1,14442,R
86,1,18231-2,R
44,1,14707,R
86,1,14359-2,R
53,1,14305,R
90,1,14427,R
66,1,14970,R
127,1,14610,R
62,1,14673-2,R
103,1,14448,R
86,1,14365-2,R
128,1,14379,R
83,1,14820,R
53,1,14297,R
92,1,14811,R
129,1,14362,R
64,1,14761,R
117,1,14611,R
67,1,14515,R
130,1,14020,R
66,1,14984,R
61,1,14368,R
129,1,14366,R
112,1,14674,R
131,1,14380,R
90,1,14429,R
89,1,14732,R
76,1,14827,R
132,1,18251,R
133,1,14387,R
134,1,14319,R
71,1,14031,R
44,1,14715,R
86,1,14363-2,R
135,1,14316,R
136,1,14603,R
98,1,18234,R
45,1,14819,R
71,1,14037,R
60,1,14733,R
137,1,14814,R
73,1,14514,R
138,23,14064-1,IR
139,1,14017,R
137,1,14812,R
81,1,14314,R
140,1,14849,R
53,1,14299,R
77,1,14315,R
141,1,14737,R
82,1,14069-2,IR
106,1,14756,R
142,1,14032,R
47,1,14987,R
45,1,14823,R
47,1,14979,R
73,1,14510,R
121,1,14608,R
66,1,14982,R
112,1,14672,R
45,1,14815,R
75,1,14540,R
75,1,14546,R
44,1,14705,R
135,1,14324,R
106,1,14754,R
66,1,14976,R
143,16,18261-2,R
92,1,14807,R
47,1,14983,R
86,1,14361-2,R
140,1,14847,R
54,1,14308,R
43,1,14704,R
43,1,14702,R
107,1,14543,R
144,1,14613,R
83,1,14822,R
73,1,14506,R
73,1,14504,R
64,1,14753,R
107,1,14547,R
130,1,18250,R
106,1,14752,R
130,1,14016,R
106,1,14750,R
47,1,14977,R
64,1,14751,R
64,1,14755,R
106,1,14760,R
145,1,14843,R
43,1,14716,R
90,1,14419,R
54,1,14304,R
85,24,14555,R
146,1,14343,R
142,1,14038,R
142,1,14034,R
47,1,14975,R
147,1,14842,R
148,1,14325,R
147,1,14848,R
142,1,14036,R
95,1,18237,R
43,1,14710,R
66,1,14974,R
139,1,14011,R
132,1,14013,R
51,24,14550,R
47,1,14973,R
83,1,14824,R
92,1,14809,R
61,1,14358,R
77,1,14321,R
66,1,14978,R
57,1,14447,R
43,1,14714,R
149,25,2872,R
150,1,9473,R
151,1,9008,R
152,26,9403,R
153,1,8652,R
154,1,5056,R
155,1,4205,R
156,1,4206-1,R
157,27,4303,R
158,1,4335,R
159,26,4331,R
160,28,4074,R
161,29,4361,R
162,14,4308,R
163,1,3112,R
164,1,5424,R
165,1,5506,R
166,1,5101,R
167,1,5110,R
168,1,7569,R
169,1,9471,R
170,1,1590,IR
171,1,9477,R
172,1,9476,R
173,1,36313,R
173,1,36329,R
174,30,4084,R
175,31,4321,R
176,29,4322,R
177,1,4452,R
178,1,36326,R
179,14,4340,R
180,1,2611,R
181,1,5303,R
182,1,5213,R
183,1,4083,R
184,32,3620,R
184,14,3628,R
185,1,3629,R
186,14,3627,R
186,33,3637,R
186,1,3635,R
184,14,3622,R
187,14,3640,R
188,14,3641,R
189,27,3646,R
190,1,2344,R
191,20,2047,R
192,1,9576,R
193,1,9556,R
193,1,9552,R
194,26,2436,R
195,14,4045,R
196,14,4046,R
197,14,4375,R
198,14,4376,R
196,14,4382,R
199,1,4539,R
200,1,4532,R
201,34,2423,R
88,26,4584,R
202,1,4135-2,R
203,35,5601,R
204,14,3633,R
205,1,9368,R
206,36,1876,IR
207,1,5007,R
208,1,9343,R
209,30,7373,R
210,1,2569,R
211,1,4362,R
206,26,1874,IR
212,37,4414,R
192,1,9578,R
213,1,6503,R
214,1,4544,R
215,1,2142,R
216,38,1593,IR
217,1,9446,R
218,39,1942,IR
219,1,1588,IR
220,1,8151,R
208,20,9345,R
221,40,8804,R
222,1,3074,R
223,1,7362,R
224,1,37656,R
225,1,1746-1,IR
226,1,7575,R
227,20,13604,R
228,1,5022,R
229,41,5740,R
230,42,4104,R
231,1,2415,R
177,1,4454,R
232,1,346-1,IR
233,1,2031,R
234,1,5406-1,R
235,1,3014,R
236,1,1819,IR
237,20,6502,R
238,43,9553,R
239,1,9666,R
240,1,363-2,IR
241,20,2421,R
242,44,1999,IR
243,1,8580,R
244,45,8390,R
214,1,4546,R
245,1,2203,R
246,1,8124,R
247,46,4525,R
248,1,5408-1,R
249,1,3010,R
250,14,4108,R
251,1,4653,R
252,1,4334,R
253,14,3623,R
254,1,7031,R
255,1,79-2,IR
256,33,2085,R
257,1,1832,IR
258,20,9346,R
259,1,1643,IR
260,1,9584,R
261,1,1572,IR
262,1,7032,R
263,45,8383,R
264,1,9358,R
265,40,8807,R
266,26,5501,R
165,20,5504,R
267,47,2724,R
268,48,1095,IR
269,1,7686-1,R
270,14,4311,R
244,49,8382,R
271,20,9443,R
272,1,9301,R
273,1,12831-2,IR
274,1,5521,R
163,1,3116,R
275,1,9165,R
276,1,4511,R
277,1,5723,R
278,1,8579,R
279,1,8655,R
280,50,4705,R
281,1,9168,R
282,51,2235,R
283,1,1667,IR
284,52,1695,IR
285,1,1781,IR
286,1,1831-2,IR
287,25,2873,R
219,1,1582,IR
288,1,9003,R
88,26,4580,R
289,40,8806,R
290,25,9135,R
291,53,12062,IR
292,26,9485,R
293,1,6412,R
294,1,9613,R
295,1,9351,R
296,1,5631,R
297,54,1995-2,IR
265,55,8371,R
298,1,469,IR
299,1,5207,R
179,1,4342,R
300,56,3080,R
301,1,1723,IR
302,1,9383,R
303,1,13383,R
304,1,9610,R
305,1,9109,R
306,57,8691,R
307,1,4545,R
196,1,4042,R
308,1,9593,R
309,1,9580,R
310,1,3013,R
311,58,4310,R
312,1,1773,IR
238,59,9555,R
313,1,5565-2,R
314,1,4082,R
315,1,2311,R
316,25,5720,R
317,1,1792,IR
318,1,1875,IR
319,1,6812,R
320,45,1861-2,IR
321,38,8387,R
217,1,9440,R
322,1,1691,IR
323,1,5711,R
324,1,13372,R
325,1,3005,R
326,1,9022,R
327,1,3089,R
328,55,1986,IR
329,1,7040,R
330,1,2027,R
331,26,2492,R
299,1,5201,R
332,1,1521,IR
333,60,8221,R
334,1,7584,R
335,1,2039-2,R
336,1,3007,R
337,1,5311,R
217,20,9442,R
338,40,1953-2,IR
339,1,8586,R
340,1,4701,R
244,61,8392,R
341,20,2502,R
342,1,8444,R
343,1,9436,R
344,1,4520,R
345,1,9611,R
305,1,9437,R
346,62,8038,R
313,1,5563-2,R
347,1,3072,R
348,16,13513-2,R
349,1,3535,R
350,1,2602,R
351,63,2700,R
275,1,9159,R
352,64,4314,R
353,45,1821-2,IR
354,65,1992,IR
355,16,13403,R
356,1,4411,R
357,1,2182,R
358,1,2044,R
359,66,8395,R
350,1,2608,R
360,1,5520,R
361,1,9530,R
362,1,2567,R
363,1,1538,IR
364,30,3076,R
365,1,9063,R
366,30,4085-2,R
307,1,4543,R
367,26,9480,R
368,1,9024,R
369,20,7401,R
370,33,2088,R
371,26,3514,R
372,1,2233,R
373,1,9575,R
374,30,9347,R
375,1,1384-1,R
376,30,5454,R
377,1,4501,R
378,1,5209,R
379,1,1754,IR
380,1,5107,R
381,1,9475,R
258,20,9344,R
382,20,5026,R
383,60,9696,R
384,1,2713,R
385,40,8025,R
386,1,6313,R
387,1,3023,R
304,1,9624,R
388,1,12863-2,IR
217,1,9444,R
389,1,5737,R
390,1,5431,R
349,26,3533,R
391,65,1944-1,IR
392,26,2071,R
393,1,1736,IR
346,61,8034,R
260,1,9590,R
394,1,5002,R
395,1,4531,R
157,14,4301,R
396,1,9388,R
397,1,2312,R
318,1,1873,IR
398,38,1594,IR
399,1,13600,R
400,26,2493,R
274,30,5527,R
294,26,9615,R
313,1,5561-2,R
214,1,4542,R
351,1,2704,R
401,30,7365,R
402,38,8002,R
403,67,9061,R
404,1,1732,IR
405,1,1579,IR
383,68,9694,R
406,1,4146-1,R
407,1,4094,R
352,69,4344,R
408,20,3084,R
237,1,6510,R
409,1,1664,IR
410,26,2491,R
411,1,1811,IR
412,1,1665,IR
413,1,5461,R
285,1,1787,IR
414,70,4365,R
415,20,9504,R
416,71,5468,R
417,36,4517,R
418,1,1836,IR
416,1,5460,R
196,1,4384,R
275,1,9163,R
419,1,4106,R
420,40,1982,IR
421,1,2068,R
199,1,4535,R
422,1,362-1,IR
423,38,1584,IR
315,1,2307,R
424,1,1621,IR
425,1,1541,IR
303,1,2183,R
246,1,8122,R
196,1,4092,R
426,1,1630,IR
427,30,2063,R
274,1,5529,R
245,30,2215,R
428,72,1984,IR
429,73,1470,IR
416,1,5466,R
430,1,4302,R
431,1,9307,R
432,38,8653,R
433,16,9026,R
434,65,5412-1,R
435,1,9557,R
436,1,468,IR
437,38,1632,IR
438,1,13602,R
439,74,5738,R
205,30,9372,R
440,1,4507,R
441,1,2038,R
439,1,5736,R
442,1,5072,R
443,26,9486,R
444,18,2703,R
227,20,5636,R
445,20,3532,R
446,1,1720,IR
447,1,9616-1,R
448,1,4101,R
449,1,3501,R
450,1,2043,R
180,1,2603,R
451,1,2101,R
452,26,2852,R
453,1,3745,R
281,1,9164,R
454,38,8011,R
455,1,2416,R
195,75,13405,R
456,40,8033,R
457,1,9381,R
458,1,9432,R
459,30,9139,R
460,76,1923-2,IR
317,1,1788,IR
461,20,2437,R
408,1,3612,R
238,1,13355,R
462,1,2095,R
463,1,5005,R
464,1,5712,R
465,40,1922,IR
466,1,3114,R
467,1,4103,R
468,16,13503,R
469,1,1771,IR
470,1,8123,R
471,1,7585,R
472,1,2046,R
473,1,1591,IR
474,1,4136,R
475,1,2441,R
476,1,7381,R
477,1,7572,R
478,1,1724,IR
479,1,6314,R
413,1,5463,R
480,1,1833,IR
481,45,8388,R
482,1,1693,IR
483,40,8223,R
484,1,5608,R
485,1,4506,R
486,1,1595,IR
487,26,2076,R
488,1,5571-2,R
489,26,9002,R
245,1,2209,R
280,77,4305,R
490,30,4486,R
491,44,1925,IR
492,1,5052,R
493,30,9377,R
494,1,5304,R
495,1,13610,R
496,78,9375,R
497,1,5425,R
352,1,4316,R
498,1,2023,R
499,1,9133,R
500,1,2708,R
501,1,9386,R
502,1,8654,R
503,79,1856,IR
177,70,4070,R
504,1,9608,R
505,1,3012,R
506,1,5401,R
224,1,37630,R
507,80,5451,R
258,20,9352,R
471,1,7587,R
508,81,4528,R
509,82,3642,R
510,1,4441,R
511,1,3543,R
203,1,5605,R
512,71,9506,R
513,1,9006,R
270,44,4343,R
334,1,7588,R
514,1,4330,R
285,1,1783,IR
237,1,6504,R
515,68,8201,R
516,1,1552,IR
517,1,3011,R
493,36,9369,R
518,83,9412,R
519,25,2853,R
520,1,2075,R
276,1,4503,R
334,1,7586,R
496,1,9373,R
521,84,4654,R
238,1,13353,R
522,16,13501,R
523,1,9137,R
524,1,1654,IR
525,1,5404-1,R
526,20,1699-2,IR
271,1,9445,R
487,36,2078,R
527,1,9667,R
528,1,1535,IR
529,1,4134,R
530,1,1597,IR
531,1,4704,R
532,1,5053,R
533,85,2594,R
534,1,1668,IR
535,20,9609,R
536,1,2045,R
167,1,5112,R
537,26,9389,R
538,1,5570,R
539,1,9502,R
540,26,9501,R
541,52,1589,IR
542,1,5001,R
543,1,8592,R
544,40,1931-2,IR
199,1,4533,R
545,36,9512,R
546,1,9064,R
245,1,2211,R
547,1,1891,IR
548,67,9401,R
549,1,37647,R
456,38,8031,R
260,1,9588,R
389,74,5739,R
550,1,3003,R
551,36,2513,R
552,1,1655,IR
553,1,7034,R
260,1,9592,R
554,1,9105,R
555,1,3115,R
556,1,3004,R
213,1,6509,R
557,1,1652,IR
468,1,2501,R
558,1,1743,IR
195,1,4097,R
237,18,6506,R
559,86,9051,R
519,1,2857,R
560,87,4423,R
561,16,13081,R
562,88,6443,R
563,89,2518,R
564,1,1574,IR
565,20,2481,R
466,71,3120,R
566,1,7566,R
567,30,1887,IR
568,1,1820-1,IR
569,1,8443,R
488,1,13603-2,R
511,1,3547,R
570,1,6417,R
571,90,2709,R
572,1,9021,R
573,1,5584,R
451,1,2103,R
317,1,1784,IR
574,1,3086,R
575,26,2564-1,R
576,1,5076,R
577,91,5706,R
281,1,9160,R
578,1,7039,R
579,92,4412,R
580,1,380-1,IR
192,36,9190,R
581,1,2184,R
582,1,8576,R
583,93,1642,IR
402,60,8024,R
214,1,4548,R
584,1,1890,IR
247,94,4527,R
585,1,75-2,IR
586,20,5021,R
587,1,10859,IR
588,25,9531,R
269,1,7688-1,R
589,1,2070,R
590,26,9192,R
591,1,1063,R
592,71,2086,R
593,95,4422,R
386,1,13611,R
594,1,5024,R
595,1,402-1,IR
596,1,5210,R
317,1,1782,IR
177,96,4076,R
597,97,9056,R
447,1,9618-1,R
598,1,2707,R
359,54,8375,R
599,98,4403,R
413,1,5465,R
600,30,1536-1,IR
601,1,9134,R
602,1,5583,R
603,99,1862,IR
213,100,6505,R
604,1,3085,R
597,86,9052,R
605,54,1941-2,IR
321,40,8801,R
606,101,1471-2,IR
355,30,3075,R
244,61,8380,R
607,1,4338,R
484,1,5606,R
608,25,2871,R
609,1,9302,R
610,102,12837,IR
373,1,9193,R
358,1,2372,R
611,1,2442-1,R
612,40,8222,R
215,1,2146,R
613,26,2851,R
614,1,9303,R
615,1,5206,R
416,1,5464,R
397,1,2302,R
616,1,3536,R
294,1,9619,R
341,1,2506,R
617,1,1823,IR
618,103,4524,R
619,1,8594,R
275,1,9169,R
620,1,9107,R
584,1,1894,IR
621,26,9132,R
372,1,2231,R
622,99,1822,IR
623,1,5432,R
339,1,8582,R
624,20,2438,R
458,1,9104,R
625,1,4485,R
626,26,4523,R
627,1,8573,R
628,21,1728,IR
569,1,8595,R
629,1,2855,R
266,1,5505,R
630,40,8345-2,R
158,16,13409,R
631,1,8014,R
632,1,2701,R
633,93,1696,IR
634,26,3544,R
385,38,8003,R
635,25,2091,R
636,20,9406,R
397,1,2306,R
637,1,3545,R
638,1,8572,R
576,30,5060,R
639,20,13607,R
640,1,1555,IR
641,1,1651,IR
432,40,8651,R
642,1,1527,IR
487,14,2474,R
567,1,1889,IR
643,27,4651,R
644,1,2069,R
434,79,5410-1,R
645,40,8224,R
356,1,4405,R
447,1,9620-1,R
264,30,9362,R
646,1,9108,R
582,1,8574,R
293,1,6414,R
647,45,8385,R
639,20,5701,R
648,1,3001,R
649,65,1948,IR
245,1,2213,R
650,65,1934,IR
651,1,5205,R
317,1,1786,IR
270,1,4091,R
652,104,1726,IR
653,105,9028,R
654,26,2511,R
555,1,3113,R
578,1,7037,R
655,65,1926,IR
656,91,2412-1,R
244,55,8370,R
657,1,347-2,IR
658,1,1843,IR
496,30,9359,R
659,1,4515,R
454,1,8015,R
265,61,8393,R
609,1,9306,R
660,67,9400,R
661,44,1949,IR
662,40,1994,IR
483,38,8203,R
663,1,3511,R
664,106,13508,R
208,1,9341,R
327,1,3083,R
438,1,5562,R
665,40,1971-2,IR
647,38,8389,R
616,20,3538,R
177,1,4456,R
666,1,8571,R
667,1,5445,R
227,1,5634,R
668,1,367-2,IR
669,26,9367,R
670,38,8032,R
671,1,1866,IR
672,1,8016,R
673,65,4347,R
674,36,1799,IR
675,1,4504,R
676,1,1838-1,IR
324,59,9574,R
677,1,1385,R
408,1,3082,R
520,1,2079,R
435,1,9551,R
175,107,4319,R
372,1,2237,R
311,1,4306,R
678,1,6811,R
679,40,1983,IR
680,1,1653,IR
681,1,2343,R
682,1,9025,R
683,40,2593,R
266,1,5503,R
684,1,9614-1,R
685,40,1981,IR
686,1,5710,R
687,1,2850,R
380,1,5109,R
264,108,9370,R
688,1,1895,IR
689,16,12074-1,IR
690,97,9055,R
691,26,2562-1,R
487,36,2066,R
692,1,5003,R
160,109,4072,R
693,1,2568-1,R
399,1,5524,R
227,20,5632,R
412,1,1663,IR
245,1,2201,R
694,41,1980,IR
695,1,9695,R
696,1,3091,R
697,1,1725-2,IR
698,20,3728,R
386,1,6311,R
227,1,5630,R
699,1,13606,R
285,1,1791,IR
700,1,8121,R
386,1,6315,R
373,1,9577,R
701,1,401,IR
274,1,13601,R
702,1,8154,R
660,110,9410,R
546,25,9066,R
703,1,3546,R
472,20,2048,R
646,1,9102,R
244,40,8800,R
704,1,4105,R
705,1,4110,R
706,21,1729,IR
360,1,5522,R
707,26,4332,R
258,1,9342,R
546,67,9062,R
708,1,9481,R
709,26,9340,R
710,111,1924,IR
28,1,4333,R
582,1,8578,R
352,1,4312,R
571,15,2711,R
711,40,1937-2,IR
712,26,2202,R
713,1,74-1,IR
646,1,9112,R
714,1,406-1,IR
715,40,8346,R
532,1,5011,R
712,1,2214,R
716,1,4650,R
654,89,2519,R
304,112,9622,R
168,1,7567,R
417,1,4505,R
717,1,1644,IR
472,91,2050,R
718,54,1963-2,IR
719,16,13509,R
720,1,6316,R
660,91,9418,R
507,1,5481,R
721,113,6442,R
230,1,4372,R
722,16,13507,R
408,1,3088,R
723,16,13505,R
339,1,8584,R
327,20,3087,R
168,1,7571,R
724,1,1826,IR
725,114,4109,R
726,1,1656,IR
727,44,1946,IR
728,1,6822,R
729,1,6823-2,R
730,1,1631,IR
612,38,8202,R
360,1,5528,R
731,1,8153,R
732,115,12531,IR
167,30,5114,R
733,104,1727,IR
734,1,1835,IR
552,1,1657,IR
735,116,9405,R
490,117,4484,R
453,1,3747,R
736,16,13502,R
660,26,9402,R
737,1,1648,IR
738,40,1938,IR
739,118,4483,R
740,71,2065,R
741,119,13272,R
742,1,4510,R
743,1,2374,R
244,120,8372,R
591,1,1061,R
643,90,4131,R
744,1,1825,IR
405,1,1575,IR
599,92,4413,R
213,1,6507,R
712,1,2212,R
210,30,2571,R
745,30,3090,R
746,1,2081,R
747,20,9404-1,R
573,1,5582,R
748,26,2601,R
588,1,9533,R
749,1,1812-1,IR
750,1,1526,IR
751,86,9011,R
752,1,5403,R
753,71,1530,IR
312,1,1775,IR
280,1,4307,R
209,1,7371,R
754,1,5010,R
755,57,8690,R
756,1,5208-1,R
757,1,4336,R
758,1,5055,R
759,30,6403,R
760,1,7568,R
761,1,2074,R
494,1,5306,R
762,38,1633,IR
763,30,9507,R
563,30,2516,R
764,36,9004,R
765,1,473-2,IR
360,1,5530,R
389,1,5735,R
766,65,1932,IR
385,40,8021,R
767,121,4521,R
768,1,1635-2,IR
769,1,1858,IR
703,1,3550,R
283,122,12065,IR
770,26,4583,R
771,40,1970,IR
772,26,3530,R
265,61,8391,R
773,123,2595,R
703,1,3542,R
260,1,9594,R
774,40,1939-2,IR
721,1,6444,R
775,1,1776,IR
581,124,2188,R
356,36,4415,R
423,1,1586,IR
776,25,9138,R
294,1,9617,R
777,26,1880,IR
778,125,1852-1,IR
217,1,9448,R
308,1,9585,R
779,1,3503,R
341,1,2504,R
161,126,4073,R
308,1,9589,R
780,40,1961-2,IR
781,1,9030,R
782,1,5212-1,R
783,40,2592,R
784,1,3746,R
785,1,1064,R
786,127,12066,IR
308,1,9591,R
787,1,5422,R
212,1,4406,R
788,1,1592,IR
789,1,1599,IR
790,26,3081,R
791,1,1576,IR
270,35,4313,R
317,1,1780,IR
496,128,9365,R
792,1,3117,R
793,71,1537,IR
195,14,4381,R
794,95,4421,R
630,38,8343-2,R
339,1,8588,R
597,25,9054,R
795,1,2443,R
796,40,8589,R
797,1,7689,R
271,1,9449,R
679,1,1587,IR
798,1,2230,R
799,1,4102,R
181,1,5301,R
210,1,2561,R
423,129,1580,IR
672,1,8012,R
800,20,2464,R
801,52,1641,IR
802,1,5202,R
803,130,4702,R
804,131,460,IR
495,30,6404,R
541,1,1585,IR
805,1,381,IR
806,1,2042,R
807,1,1546,IR
808,1,364-1,R
445,26,3534,R
389,1,13609,R
809,20,7374,R
810,20,3516,R
811,1,1522,IR
163,30,3118,R
812,36,9414,R
208,20,9349,R
813,1,368-1,R
414,1,4455,R
814,1,1540-1,IR
439,1,5732,R
206,1,1872,IR
223,1,7360,R
815,1,3006,R
299,1,5203,R
816,1,2082,R
817,1,7361,R
818,1,1596,IR
602,1,5581,R
468,1,2505,R
819,1,8082-1,R
344,132,4518,R
285,1,1789,IR
303,1,2181,R
296,1,5635,R
820,16,12720,IR
234,1,5402-1,R
821,133,1837,IR
822,1,1731-2,IR
823,1,3002,R
275,1,9161,R
454,40,8023,R
824,30,2083,R
281,1,9166,R
825,1,2102,R
826,26,3541,R
798,1,2236,R
211,1,4366,R
827,1,5008,R
828,1,2411,R
829,26,2064,R
691,1,2570-1,R
167,1,5108,R
830,65,1962,IR
831,1,1745,IR
402,68,8004,R
832,20,5421,R
812,20,9484,R
484,1,5602,R
833,1,1578,IR
834,1,2061-2,R
292,30,9483,R
452,25,2854,R
835,1,1744,IR
796,1,8585,R
836,1,72-1,IR
634,1,3548,R
837,1,7364,R
838,1,2092,R
825,104,2104,R
495,1,6402,R
731,1,13821,R
839,134,1557,IR
245,135,2207,R
840,1,3500,R
841,1,9439,R
842,51,2143,R
735,1,9409,R
355,1,3073,R
401,30,7363,R
843,1,10642,IR
844,39,1964,IR
845,1,4133-2,R
796,1,8587,R
846,25,9065,R
563,106,13500,R
361,136,9534,R
356,1,4409,R
847,16,13068,R
848,53,12061,IR
849,1,5105-2,R
850,1,4508,R
592,1,2094,R
331,26,2494,R
296,20,13605,R
712,90,2210,R
851,51,2232,R
715,38,8344,R
570,1,6413,R
551,26,2515,R
852,1,1897,IR
853,65,4349,R
854,1,1772,IR
439,20,5730,R
265,61,8381,R
855,1,9505,R
785,1,1062,R
856,1,2024,R
570,26,6411,R
857,1,407-2,IR
360,30,5526,R
858,20,9510,R
859,1,2080,R
860,1,2444-1,R
861,1,4371,R
862,40,1988,IR
385,38,8001,R
516,20,1554,IR
350,1,2610,R
674,26,1697,IR
863,1,1834-1,IR
262,1,7038,R
864,1,9101,R
702,1,8152,R
296,20,5633,R
865,1,5441,R
866,26,2457,R
260,1,9586,R
798,1,2234,R
867,77,4703,R
376,80,5452,R
270,27,4315,R
868,1,1534,IR
869,1,3630,R
796,38,8581,R
870,1,1559,IR
871,1,1755,IR
264,86,9360,R
872,1,1636,IR
873,1,1737,IR
874,1,1721-2,IR
708,20,9487,R
806,1,2386,R
712,1,2216,R
308,1,9595,R
277,25,5721,R
567,1,1885,IR
271,1,9441,R
438,1,5566,R
875,27,3645,R
876,1,1824,IR
712,1,2204,R
278,1,8575,R
877,1,5104,R
878,1,10662,IR
511,1,3549,R
302,1,9387,R
841,1,9435,R
691,1,2560-1,R
302,26,9385,R
660,36,9416,R
879,65,1947-2,IR
880,1,4144-1,R
195,1,4383,R
881,1,4538,R
882,1,1774,IR
883,16,13511-2,R
278,1,8577,R
884,1,1646,IR
183,1,13401,R
543,1,8596,R
274,1,5531,R
885,52,10641,IR
886,1,3024,R
647,40,8803,R
887,20,2422,R
888,137,5443,R
889,1,1692,IR
890,1,1090,R
438,1,5564,R
527,1,9663,R
439,1,13608,R
891,1,1722,IR
305,1,9103,R
892,138,2482,R
893,1,5006,R
894,1,2093,R
285,1,1793,IR
895,20,1544,IR
551,139,2517,R
896,78,9012,R
274,1,5525,R
897,1,1658,IR
281,1,9170,R
362,1,2563,R
898,1,5423,R
899,1,2461,R
842,1,2141,R
264,30,9366,R
352,1,4090,R
190,1,2348,R
413,71,5467,R
900,1,1533,IR
735,1,9407,R
901,1,9027,R
902,1,366-1,IR
903,1,3009,R
660,20,9408,R
904,40,1936,IR
905,1,2434,R
237,1,6508,R
763,36,9503,R
906,1,2028-1,R
907,1,9001,R
690,25,9053,R
816,30,2084,R
908,1,4513,R
909,1,3512,R
215,51,2144,R
176,140,4318,R
910,1,1539,IR
911,40,1945-2,IR
912,1,1829,IR
913,1,2041,R
178,1,36322,R
507,30,5453,R
481,45,8384,R
549,1,37651,R
673,79,4337,R
914,1,4482,R
915,1,5442,R
916,1,1532,IR
917,1,9136,R
918,1,1645,IR
479,1,6312,R
324,1,13374,R
214,1,4550,R
919,125,2108,R
285,1,1785,IR
760,30,7574,R
172,20,9478,R
920,1,2089,R
468,1,2503,R
921,141,3643,R
452,1,2856,R
262,1,7036,R
922,1,4442,R
923,1,6827,R
924,1,5482,R
439,1,5734,R
356,142,4401,R
925,1,1741,IR
791,1,1570,IR
926,26,2072,R
281,1,9162,R
927,143,2087,R
176,144,4320,R
796,1,8583,R
683,40,2591,R
496,30,9361,R
928,1,4145-2,R
797,1,7687,R
296,20,5637,R
191,1,2381,R
786,1,1662,IR
819,1,8084-1,R
929,1,1765,IR
930,1,10661,IR
931,91,5427,R
584,1,1892,IR
639,1,5703,R
932,1,1766-1,IR
271,1,9447,R
165,26,5502,R
933,38,8386,R
380,20,5103,R
414,1,4453,R
351,145,2702,R
934,26,9384,R
871,1,1753,IR
496,26,9363,R
274,1,5523,R
935,146,1531,IR
936,65,1921-2,IR
679,38,1581,IR
777,1,1888,IR
165,1,5508,R
504,147,9612,R
937,1,2185,R
268,131,461,IR
938,16,13506,R
324,43,9572,R
184,14,3624,R
939,1,2705,R
359,148,8373,R
578,1,7033,R
940,1,1634,IR
933,45,8394,R
941,1,5302,R
343,1,9434,R
307,1,4541,R
414,149,4071,R
942,1,2613,R
656,20,2414-1,R
943,30,5059,R
541,38,1583,IR
305,1,9433,R
944,1,5071,R
367,119,9482,R
928,1,4141-2,R
945,1,1622-1,IR
175,150,4317,R
777,1,1884,IR
946,54,1985,IR
944,1,5073,R
609,1,9304,R
947,1,5106,R
578,1,7035,R
567,1,1881,IR
948,91,5705,R
949,1,9508,R
950,1,2605,R
350,1,2604,R
416,1,5462,R
951,1,5214-1,R
740,14,2459,R
919,139,2512,R
952,27,3644,R
953,1,5023,R
562,1,6441,R
402,40,8022,R
405,1,1571,IR
954,1,1577,IR
955,1,73-2,IR
956,1,1694,IR
957,79,1742,IR
958,26,4522,R
959,1,1545-2,IR
275,1,9167,R
168,1,7573,R
361,26,9532,R
960,91,9348,R
316,1,5722,R
961,1,7402,R
962,1,4512,R
770,26,4581,R
963,1,10659,IR
964,1,5405,R
569,1,8591,R
689,40,12922-1,IR
965,1,1863-2,IR
966,26,7565,R
967,1,8083,R
825,21,2106,R
244,40,8802,R
968,137,5444,R
264,26,9364,R
516,20,1556,IR
405,1,1573,IR
249,1,3008,R
616,1,3528,R
212,151,4408,R
210,1,2565,R
853,79,4339,R
969,1,1893,IR
839,20,1551,IR
970,20,5704,R
919,104,2110,R
484,1,5610,R
971,1,4502,R
496,108,9371,R
842,1,2145,R
213,20,6501,R
212,1,4410,R
618,94,4526,R
442,1,5074,R
203,44,5607,R
380,1,5111,R
708,20,9489,R
759,1,6401,R
741,105,9472,R
265,40,8805,R
972,1,6826,R
239,1,9662,R
973,20,2420,R
974,65,1952,IR
975,54,8374,R
379,1,1752,IR
976,1,1091,R
584,1,1896,IR
777,1,1882,IR
308,1,9587,R
803,1,4490,R
977,1,3071,R
978,26,3513,R
414,1,4451,R
979,65,1998,IR
970,1,5702,R
712,1,2206,R
431,1,9305,R
777,1,1886,IR
567,1,1883,IR
716,152,4652,R
693,36,2572-1,R
980,40,1989,IR
804,48,1094,IR
981,1,9571,R
919,1,2514,R
982,1,472-1,IR
350,1,2606,R
203,1,5603,R
983,1,1649,IR
586,1,5027,R
967,1,8081,R
984,1,4095-2,R
569,1,8593,R
356,153,4407,R
985,26,1550-1,IR
986,39,1996,IR
987,14,4107,R
988,1,369-2,R
989,1,9023,R
389,1,5733,R
990,20,1698,IR
991,71,9411,R
992,36,1543-2,IR
993,1,1558,IR
88,26,4582,R
691,1,2566-1,R
839,30,1553,IR
477,20,7570,R
994,1,1790,IR
995,40,1993-2,IR
581,1,2186,R
996,55,1987,IR
997,1,365-2,R
998,26,4509,R
645,38,8204,R
881,1,4530,R
999,16,13504,R
454,1,8013,R
1000,91,2466,R
458,1,9106,R
1001,35,1857,IR
670,40,8036,R
183,1,4363,R
495,1,6406,R
1002,1,5025,R
881,1,4534,R
1003,1,4111-2,R
1004,36,1851,IR
1005,1,5204-1,R
193,1,9554,R
195,30,4043,R
579,98,4402,R
1006,26,3531,R
1007,25,2870,R
1008,1,10650,IR
373,1,9573,R
1009,26,3111,R
1010,1,4096,R
760,1,7576,R
171,20,9479,R
195,1,4041,R
1011,40,1991-2,IR
484,1,5604,R
212,1,4404,R
1012,20,5731,R
1013,1,78-1,IR
1014,60,15982,IR
1015,154,15922,IR
1016,1,15944,R
1017,155,15924,IR
730,1,15931,IR
1018,60,15984,IR
730,156,15933,IR
1019,154,15921,IR
1020,1,15943,R
1021,1,15932,IR
1022,157,15990,IR
1023,157,15992,IR
1024,155,15923,IR
1025,68,15934,IR
1016,1,15942,R
1022,158,15996,IR
1022,154,15994,IR
1020,1,15941,R
1026,159,15117,R
1027,160,15107,R
1028,161,15464,R
1029,1,15409,R
1030,1,15103,R
1031,160,15093,IR
1032,1,15034,IR
1033,160,15102,R
1034,1,15175,R
1035,1,15051,IR
1028,161,15454,R
1036,1,15132,R
1037,1,15193,R
1038,1,15104,R
1034,1,15163,R
1028,161,15450,R
1031,1,15095,IR
1033,162,15116,R
1033,160,15110,R
1039,163,15035,IR
1040,1,15180,R
1041,1,15090,IR
1036,1,15120,R
1042,20,15141,R
1043,1,15062,IR
1042,20,15151,R
1044,161,15461,R
1045,1,15170,R
1042,1,15145,R
1037,20,15179,R
1029,1,15411,R
1044,30,15459,R
1034,1,15165,R
1046,1,15129,R
1047,1,15056,IR
1048,1,15072,IR
1028,164,15462,R
1044,161,15451,R
1029,1,15407,R
1049,20,15144,R
1045,1,15160,R
1046,38,15127,R
1028,1,15460,R
1042,1,15155,R
1044,161,15465,R
1036,1,15124,R
1037,1,15185,R
1050,36,15422,R
1051,1,15401,R
1052,165,15061,IR
1036,1,15126,R
1040,1,15190,R
1046,40,15125,R
1042,1,15143,R
1026,166,15113,R
1049,1,15142,R
1027,162,15111,R
1043,165,15060,IR
1033,162,15114,R
1040,1,15186,R
1036,1,15122,R
1053,1,15037,IR
1027,160,15119,R
1046,1,15121,R
1054,26,15418,R
1028,167,15466,R
1049,20,15150,R
1044,168,15463,R
1038,159,15108,R
1045,1,15162,R
1049,1,15152,R
1055,1,15413,R
1056,1,15403,R
1057,1,15412,R
1045,1,15168,R
1044,169,15455,R
1045,1,15172,R
1034,1,15169,R
1037,1,15195,R
1038,159,15100,R
1058,1,15036,IR
1057,1,15402,R
1036,40,15128,R
1059,26,15400,R
1029,1,15415,R
870,36,15057,IR
1038,159,15118,R
1060,163,15038,IR
1061,1,15071,IR
1062,36,15420,R
1057,1,15406,R
1063,1,15052,IR
1040,1,15192,R
1033,1,15106,R
1064,1,15054,IR
1065,26,15033,IR
1029,1,15405,R
1041,1,15094,IR
1044,170,15457,R
1034,1,15167,R
1040,1,15182,R
1036,38,15130,R
1037,1,15199,R
1037,1,15183,R
1066,1,15063,IR
1045,1,15174,R
1049,1,15140,R
1050,1,15404,R
1047,36,15058,IR
1067,1,15031,IR
1040,1,15188,R
1068,26,15032,IR
1036,1,15136,R
1042,1,15149,R
1057,1,15414,R
1029,1,15417,R
1034,1,15171,R
1041,160,15092,IR
1046,1,15133,R
1028,161,15452,R
1045,1,15164,R
1037,1,15189,R
1042,171,15147,R
1027,162,15115,R
1034,1,15173,R
1049,1,15146,R
1069,1,15181,R
1040,20,15196,R
1036,1,15134,R
1026,159,15109,R
1030,159,15101,R
1027,1,15105,R
1045,1,15166,R
1037,26,15191,R
1038,166,15112,R
1028,172,15456,R
1037,26,15187,R
1046,1,15135,R
1042,1,15153,R
1049,1,15148,R
1034,1,15161,R
1057,1,15408,R
1040,1,15194,R
1055,36,15421,R
1070,173,15449,R
1071,1,15419,R
1044,161,15453,R
1028,174,15458,R
1049,30,15154,R
1072,1,15055,IR
1046,1,15123,R
1046,1,15131,R
1035,1,15053,IR
1042,36,15157,R
1040,1,15184,R
1073,1,15416,R
1031,1,15091,IR
1037,1,15197,R
1057,1,15410,R
